box
8
   93 437
   92.99999483289977 120.00000003260016
   416.9852000427295 116.31182655211715
   416.9851949153728 434.8104636433996
   1.434435765331557 512
   0 13.574131341642229
   512 6.1494803801549125
   512 510.83663318960447

box3d
8
   -6.364085904259287 -5 -14.099104941231577
   -6.259342386874834 7.114093538039671 -14.099104941231577
   6.151883936104326 7.18151735369717 -14.099104941231577
   5.988890065133924 -5 -13.9667405051649
   -6.364085904259287 -5 -5.8991049412315775
   -6.259342386874834 7.114093538039671 -5.8991049412315775
   6.151883936104326 7.18151735369717 -5.8991049412315775
   5.988890065133924 -5 -5.7667405051649006

K
   368.0619137159809 0 256.42245793461836 0 368.0619137159809 304.74115048367867 0 0 1

R
   0.99994808852527 -0.008667051620169347 0.005357468700058404 -0.00866692722703427 -0.999962440402745 -0.000046435201864493144 -0.005357669931983218 1.649118877395846e-16 -0.9999856475834541

light
4
   212 86
   299 85
   305 61
   207 61

light
4
   445 304
   468 306
   467 227
   445 235

light
4
   44 305
   66 307
   67 235
   46 229

shaft_2d_source
   100 100

surface
6
   123 361
   268 356
   227 348
   108 350
   123 361
   124 509
1

surface
6
   247 231
   364 226
   383 239
   277 242
   247 231
   245 459
1

